0000001111110101
1100001011101111
1110111111110000
1111101000001001
0010001011001000
0010000100001010
0010101000101010
0000101100101000
0000010000011000
0000111000010110
1011101100011000
1100010011001011
1011101111111000
0010000100001001
0010001010001000
0001000100010100
0010001010101000
0010000100001010
0010101000101010
0110000010101011
0010001001101000
0001000100010100
1110000010111011
1011101001010001
0110000001011011
1010101110110010
1111100000000110
1011101010100010
1111010000000110
0001000100010100
1111101000001010