0000001111110101
11000010111111111000
0000111110101001
0100001000101000
0000001000011010
0100001010101010
0010000010111000
1000001010111010
0001101110111000
1000001010111010
0001000000010110
1000001010111001
1000000011111000
1011101011111011
1000001010101001
0000001000011001
1100001000101000
0001000010100100
0110000011111000
0000101011111011
0001000010110100
0001000000111000
1011101001000001
1010000011111000
0000101011111011
1011101010100010
1000000011111000
0011000011111011
1010101110110010
0010000011111000
0000001111111011
0001000010100100
0000111110101010
